[gd_scene load_steps=9 format=2]

[ext_resource path="res://Scripts/TestVehicle01.gd" type="Script" id=1]
[ext_resource path="res://Scenes/Functional/Hud.tscn" type="PackedScene" id=2]

[sub_resource type="PhysicsMaterial" id=1]
friction = 0.0

[sub_resource type="BoxShape" id=2]
extents = Vector3( 0.477039, 0.5, 1.16331 )

[sub_resource type="SpatialMaterial" id=3]
albedo_color = Color( 0.972549, 0.447059, 0.0627451, 1 )

[sub_resource type="CubeMesh" id=4]
material = SubResource( 3 )
size = Vector3( 2.75, 0.5, 1.9 )

[sub_resource type="SpatialMaterial" id=5]
albedo_color = Color( 1, 1, 0, 1 )

[sub_resource type="CubeMesh" id=6]
material = SubResource( 5 )

[node name="TestBody01" type="VehicleBody"]
transform = Transform( 1, 0, 3.32346e-008, 0, 1, 0, -3.32346e-008, 0, 1, 0, 0.00871718, 0 )
mass = 8.0
physics_material_override = SubResource( 1 )
contacts_reported = 2
contact_monitor = true
angular_damp = 0.0
script = ExtResource( 1 )

[node name="wheelFL" type="VehicleWheel" parent="."]
transform = Transform( -0.707107, 0, 0.707107, 0, 1, 0, -0.707107, 0, -0.707107, 1.5, -0.168777, -1 )
wheel_rest_length = 0.1
wheel_friction_slip = 0.0
suspension_travel = 0.1
suspension_stiffness = 200.0
damping_compression = 0.98
damping_relaxation = 0.99

[node name="wheelFR" type="VehicleWheel" parent="."]
transform = Transform( 0.707107, 0, 0.707107, 0, 1, 0, -0.707107, 0, 0.707107, 1.5, -0.168777, 1 )
wheel_rest_length = 0.1
wheel_friction_slip = 0.0
suspension_travel = 0.1
suspension_stiffness = 200.0
damping_compression = 0.98
damping_relaxation = 0.99

[node name="wheelBL" type="VehicleWheel" parent="."]
transform = Transform( -0.707107, 0, -0.707107, 0, 1, 0, 0.707107, 0, -0.707107, -1.5, -0.168777, -1 )
wheel_rest_length = 0.1
wheel_friction_slip = 0.0
suspension_travel = 0.1
suspension_stiffness = 200.0
damping_compression = 0.98
damping_relaxation = 0.99

[node name="wheelBR" type="VehicleWheel" parent="."]
transform = Transform( 0.707107, 0, -0.707107, 0, 1, 0, 0.707107, 0, 0.707107, -1.5, -0.168777, 1 )
wheel_rest_length = 0.1
wheel_friction_slip = 0.0
suspension_travel = 0.1
suspension_stiffness = 200.0
damping_compression = 0.98
damping_relaxation = 0.99

[node name="CollisionShape" type="CollisionShape" parent="."]
editor/display_folded = true
transform = Transform( -8.74228e-008, 0, 1.2, 0, 0.5, 0, -2, 0, -5.24537e-008, 0, 0.177642, 0 )
shape = SubResource( 2 )

[node name="MeshInstance" type="MeshInstance" parent="CollisionShape"]
transform = Transform( -2.18557e-008, 0, -0.5, 0, 2, 0, 0.833333, 0, -3.64262e-008, 0, -0.0222771, 0 )
mesh = SubResource( 4 )
material/0 = null

[node name="MeshInstance1" type="MeshInstance" parent="CollisionShape/MeshInstance"]
transform = Transform( 0.393923, 0.0347296, 0, -0.0694593, 0.196962, 0, 0, 0, 0.4, -0.535393, 0.3, 2.14718e-009 )
mesh = SubResource( 6 )
material/0 = null

[node name="Pivot" type="Spatial" parent="."]
transform = Transform( 1, 0, 0, 0, 1, 0, 0, 0, 1, -3.37604e-009, -0.632416, 7.45058e-009 )

[node name="Camera" type="Camera" parent="Pivot"]
transform = Transform( -4.37114e-008, 0.0488498, -0.998806, 0, 0.998806, 0.0488498, 1, 2.13529e-009, -4.36592e-008, -6.2, 2.9, 0 )
current = true
far = 500.0

[node name="Scope" type="RayCast" parent="Pivot/Camera"]
transform = Transform( 1, 5.77316e-015, -9.23706e-014, 0, 1, -9.32254e-017, 0, -9.32255e-017, 1, 9.37916e-013, 2.14577e-006, -11.6054 )
enabled = true
cast_to = Vector3( 0, 0, -100 )

[node name="LookDefault" type="Position3D" parent="Pivot/Camera/Scope"]
transform = Transform( 1, 0, 0, 0, 1, 0, 0, 0, 1, 0, 0, -100 )

[node name="SpawnBolt" type="Position3D" parent="."]
transform = Transform( 1, 0, 0, 0, 1, 0, 0, 0, 1, 3.1, 1.1665, 0 )

[node name="BlasterCoolDown" type="Timer" parent="."]
one_shot = true
autostart = true

[node name="GeneratorRate" type="Timer" parent="."]
autostart = true

[node name="Hud" parent="." instance=ExtResource( 2 )]
[connection signal="timeout" from="BlasterCoolDown" to="." method="_on_BlasterCoolDown_timeout"]
[connection signal="timeout" from="GeneratorRate" to="." method="_on_GeneratorRate_timeout"]
